final_price: 0.5126403466707972
final_spread: 0.0
llm_cost: 0.0
num_agents: 71
total_steps: 50
total_trades: 1409
total_volume: 17689.13235295214
